   2.1060000e+03
   5.2460000e+03
   8.3220000e+03
   1.1348000e+04
   1.4312000e+04
   1.7226000e+04
   2.0080000e+04
   2.2882000e+04
   2.5629000e+04
   2.8321000e+04
   3.0957000e+04
   3.2253000e+04
   3.4801000e+04
   3.8528000e+04
   4.0946000e+04
   4.3300000e+04
   4.5602000e+04
   4.7844000e+04
   5.0035000e+04
   5.2175000e+04
   5.4257000e+04
   5.5275000e+04
   5.7277000e+04
   6.0168000e+04
   6.2022000e+04
   6.3822000e+04
   6.5565000e+04
   6.7253000e+04
   6.8077000e+04
   7.0474000e+04
   7.2004000e+04
   7.3476000e+04
   7.5564000e+04
   7.6885000e+04
   7.5903000e+04
   7.4886000e+04
   7.4538000e+04
   7.3104000e+04
   7.1244000e+04
   7.0072000e+04
   6.8485000e+04
   6.6834000e+04
   6.5133000e+04
   6.3362000e+04
   6.1100000e+04
   5.9214000e+04
