   3.4942000e+04
   3.4938000e+04
   3.4934000e+04
   3.4930000e+04
   3.4926000e+04
   3.4922000e+04
   3.4918000e+04
   3.4914000e+04
   3.4910000e+04
   3.4906000e+04
   3.4902000e+04
   3.4898000e+04
   3.4894000e+04
   3.4890000e+04
   3.4886000e+04
   3.4882000e+04
   3.4878000e+04
   3.4874000e+04
   3.4870000e+04
   3.4866000e+04
   3.4862000e+04
   3.4858000e+04
   3.4854000e+04
   3.4850000e+04
   3.4846000e+04
   3.4842000e+04
   3.4838000e+04
   3.4834000e+04
   3.4830000e+04
   3.4826000e+04
   3.4822000e+04
   3.4818000e+04
   3.4814000e+04
   3.4810000e+04
   3.4806000e+04
   3.4802000e+04
   3.4798000e+04
   3.4794000e+04
   3.4790000e+04
   3.4786000e+04
   3.4782000e+04
   3.4778000e+04
   3.4774000e+04
   3.4770000e+04
   3.4766000e+04
   3.4762000e+04
   3.4758000e+04
   3.4754000e+04
   3.4750000e+04
   3.4746000e+04
   3.4742000e+04
   3.4738000e+04
   3.4734000e+04
   3.4730000e+04
   3.4726000e+04
   3.4722000e+04
   3.4718000e+04
   3.4714000e+04
   3.4710000e+04
   3.4706000e+04
   3.4702000e+04
   3.4698000e+04
   3.4694000e+04
   3.4690000e+04
   3.4686000e+04
   3.4682000e+04
   3.4678000e+04
   3.4674000e+04
   3.4670000e+04
   3.4666000e+04
   3.4662000e+04
   3.4658000e+04
   3.4654000e+04
   3.4650000e+04
   3.4646000e+04
   3.4642000e+04
   3.4638000e+04
   3.4634000e+04
   3.4630000e+04
