   7.2840000e+03
   2.2155000e+04
   1.9831000e+04
   1.6526000e+04
   4.0010000e+03
   1.5299000e+04
   1.7566000e+04
   1.8590000e+04
   1.1715000e+04
   2.1274000e+04
   1.8996000e+04
   1.9419000e+04
   2.2704000e+04
   6.1140000e+03
   6.9530000e+03
   7.1000000e+01
   1.7927000e+04
   7.6220000e+03
   1.4249000e+04
   1.3866000e+04
   2.0540000e+03
   2.2818000e+04
   7.5120000e+03
   7.3530000e+03
   8.6150000e+03
   2.3188000e+04
   8.4120000e+03
   8.9180000e+03
   2.1521000e+04
   2.2380000e+04
   9.6840000e+03
   9.8610000e+03
   2.0434000e+04
   2.0472000e+04
   2.1676000e+04
   1.0149000e+04
   1.0198000e+04
   1.0273000e+04
   2.0897000e+04
   2.0133000e+04
   1.1439000e+04
   1.0778000e+04
   1.9856000e+04
   1.0523000e+04
   2.0594000e+04
   2.3115000e+04
   9.5540000e+03
   8.6910000e+03
   1.3418000e+04
   2.1076000e+04
   1.9190000e+04
   8.0700000e+03
   1.2132000e+04
   1.2622000e+04
   2.2673000e+04
   1.2738000e+04
   2.3284000e+04
   1.2806000e+04
   2.2524000e+04
   1.3743000e+04
   2.2936000e+04
   1.2372000e+04
   2.1332000e+04
   1.2510000e+04
   2.0519000e+04
   1.6312000e+04
   2.0653000e+04
   2.2326000e+04
   1.7079000e+04
   2.1785000e+04
   1.7844000e+04
   6.9010000e+03
   1.7293000e+04
   1.6229000e+04
   1.9592000e+04
   6.2710000e+03
   7.0130000e+03
   1.5962000e+04
   1.5761000e+04
   1.6393000e+04
   5.9990000e+03
   6.4240000e+03
   1.6140000e+04
   1.6789000e+04
   1.7713000e+04
   3.4330000e+03
   5.4730000e+03
   4.7400000e+03
   1.7124000e+04
   6.1330000e+03
   1.3126000e+04
   2.1343000e+04
   2.0252000e+04
   1.3660000e+04
