   1.4762000e+04
   1.9409000e+04
   5.2300000e+03
   1.5851000e+04
   3.8640000e+03
   1.6632000e+04
   1.6050000e+04
   4.9180000e+03
   1.8015000e+04
   1.8240000e+04
   6.6660000e+03
   1.8419000e+04
   1.7050000e+04
   1.7728000e+04
   8.7450000e+03
   1.8948000e+04
   2.4180000e+03
   2.2455000e+04
   5.5030000e+03
   2.2177000e+04
   2.1621000e+04
   2.1259000e+04
   9.5060000e+03
   2.3197000e+04
   2.1753000e+04
   9.1750000e+03
   2.3326000e+04
   2.2296000e+04
   9.3530000e+03
   9.0620000e+03
   2.2898000e+04
   8.4900000e+03
   8.1300000e+03
   8.7110000e+03
   2.2768000e+04
   2.0765000e+04
   7.5850000e+03
   5.9630000e+03
   1.5355000e+04
   1.4142000e+04
   3.2090000e+03
   7.1470000e+03
   2.1693000e+04
   2.2119000e+04
   1.3820000e+04
   1.2654000e+04
   2.1863000e+04
   1.4163000e+04
   1.2700000e+04
   1.2749000e+04
   1.3019000e+04
   2.0962000e+04
   6.3120000e+03
   2.1942000e+04
   2.0612000e+04
   1.3492000e+04
   8.8980000e+03
   1.9692000e+04
   1.7591000e+04
   1.4385000e+04
   1.8630000e+04
   2.1577000e+04
   1.3684000e+04
   7.1260000e+03
   3.3400000e+02
   2.3046000e+04
   7.9110000e+03
   1.1993000e+04
   1.9923000e+04
   2.2691000e+04
   1.2584000e+04
   1.9868000e+04
   1.1843000e+04
   1.1643000e+04
   1.9798000e+04
   1.9816000e+04
   1.1688000e+04
   2.1890000e+03
   9.4200000e+02
   2.2617000e+04
   9.6240000e+03
   4.7670000e+03
   2.1653000e+04
   2.1517000e+04
   1.9450000e+03
   6.9560000e+03
   1.1089000e+04
   4.5330000e+03
   4.7120000e+03
   1.7337000e+04
   4.2460000e+03
   3.5460000e+03
   2.0370000e+04
   2.0130000e+04
   1.3930000e+04
   1.2426000e+04
